[%General]
MinMovementDamage=0.33177600205993657
MinAttackFunds=0.07500000298023224
MinSuicideDamage=0.4799999964237213
SpamingFunds=6911.999982833862
OwnUnitValue=1.8431999954223632
BuildingValue=1.2000000029802322
NotAttackableDamage=15.99999988079071
MidDamage=32.44031967773438
HighDamage=71.99999991059303
DirectIndirectRatio=2.2118399725341797
MinSiloDamage=7741.4400000000005
MinSameIslandDistance=1.3589544757500003
SlowUnitSpeed=2.7648000102996826

[CoUnit]
CoUnitValue=4607.999977111816
MinCoUnitScore=5529.6
CoUnitRankReduction=2388.787226696777
CoUnitScoreMultiplier=0.5631999937057496
MinCoUnitCount=10.368000102996826

[Repairing]
MinUnitHealth=2.7647999931335447
MaxUnitHealth=9.676800036048888
FuelResupply=0.16895999811172485
AmmoResupply=0.1919999990463257

[Moving]
LockedUnitHp=3.071999984741211
NoMoveAttackHp=2.799999989569187
MinTerrainDamage=12.287999893188477

[Attacking]
OwnIndirectAttackValue=2.21184
EnemyKillBonus=1.150156795715332
EnemyIndirectBonus=1.5359999923706056
AntiCaptureHqBonus=29.491199707031253
AntiCaptureBonus=12.902399887847901
AntiCaptureBonusScoreReduction=7.200000017881393
AntiCaptureBonusScoreDivider=2
EnemyCounterDamageMultiplier=9.215999977111817
WatermineDamage=4.608000005722046
EnemyUnitCountDamageReductionMultiplier=0.6912000025749206
OwnProdctionMalus=2949.119970703125

[Production]
FundsPerBuildingFactorA=1.4799999944865705
FundsPerBuildingFactorB=1.2287999893188477
FundsPerBuildingFactorC=4.147200015449524
OwnUnitEnemyUnitRatioAverager=7.679999961853028
MaxDayScoreVariancer=5.89823994140625
DirectIndirectUnitBonusFactor=1.3999999947845936
ScoringCutOffDamageHigh=120.00000029802322
ScoringCutOffDamageLow=4.423679956054688
SmoothingValue=2.303999988555908
MaxDistanceMultiplier=1.1999999955296516
SameIslandBonusInRangeDays=2.7648000102996826
SameIslandOutOfDayMalusFactor=0.36863999908447276
HighDamageBonus=2
MidDamageBonus=1.151999994277954
LowDamageBonus=0.7679999961853028
VeryLowDamageBonus=0.36863999771118167
TransportBonus=0.06399999928474426
CurrentlyNotAttackableBonus=0.6912000025749206
DifferentIslandBonusInRangeDays=0.5119999942779541
DifferentIslandOutOfDayMalusFactor=0.7299072000000001
MinAttackCountBonus=5.5296
IndirectUnitAttackCountMalus=3.6863999908447265
NoTransporterBonus=64.5119998397827
TransporterToRequiredPlaceFactor=4.42367997253418
MinFlyingTransportScoreForBonus=20.736000077247617
FlyingTransporterBonus=17.28000002145767
SmallTransporterBonus=49.76640030899048
UnitToSmallTransporterRatio=4.799999994039536
AdditionalLoadingUnitBonus=7.372799954223632
LowIndirectUnitBonus=27.64799993133545
LowIndirectMalus=43.20000021457672
HighIndirectMalus=17.533774227916798
LowDirectUnitBonus=17.533774227916798
LowDirectMalus=24.000000059604645
HighDirectMalus=46.08000005722046
MinUnitCountForDamageBonus=1.7694719824218752
MinInfantryCount=5
CurrentlyNotAttackableScoreBonus=28.799999964237212
CoUnitBuffBonus=13.055999935150146
NearEnemyBonus=9.599999988079071
MovementpointBonus=4.423679972534179
DamageToUnitCostRatioBonus=10.239999885559081
SuperiorityRatio=2.293235714847656
CheapUnitRatio=0.7372799954223633
CheapUnitBonusMultiplier=41.47199989700317
NormalUnitBonusMultiplier=64.80000032186508
ExpensiveUnitBonusMultiplier=16.986931115625005
LowOwnBuildingEnemyBuildingRatio=0.9215999942779542
LowInfantryRatio=0.36863999908447265
LowIncomeInfantryBonusMultiplier=24.575999694824223
ProducingTransportSearchrange=3.071999965667725
ProducingTransportSizeBonus=13.823999965667724
ProducingTransportRatioBonus=11.520000014305115
ProducingTransportLoadingBonus=9.599999928474427
ProducingTransportMinLoadingTransportRatio=3.4559999828338626
BuildingBonusMultiplier=1.5728639648437504
AverageSupplySupport=8.84736
MaxSupplyUnitRatio=0.060000002160668364
CanSupplyBonus=6.399999952316284
CappingFunds=4792.319970245361
CappedFunds=737.2799908447266
TargetPriceDifference=0.11468799786376953
HighDamageMultiplier=4.42368
